p cnf aa 2032
-67  66  21  11  4 0
-111  106 0
 510  294  293  292  291 -252 -54  53 0
 669  663  662  661  660 -142  113  105  98  91  84 -81 -78 -60 0
-848  816 0
 320  319  318 -317 0
-485 -481 0
-547  495 0
 268  266  265 -264 0
 808  789  788 -520 -508 -417 -416 -104 -7 0
-475  32 0
-18  17 0
 189 -188 0
-841  816 0
-90  89  34  30  26  22  11  4 0
-532  507  506  505 -419 -416  378 -116 -114  34 -28  21 -7 0
-301 -34 0
 33  32 -31 0
 340 -33  21  11  4 0
-236 -160 0
-285 -4 0
-307  250 0
-571  567 0
-606  17 0
-521  520 0
 227 -224  34  21 0
-356  331 0
-112  111  34  30  26  22  11  4 0
 116 -113 0
 848  824  823  822  821  210  202  195  188 -187 -182 -13  12 0
-485 -160 0
 547  468  113  105  98  91 -85  63 -24 -13  12 0
-320  317 0
 67 -66 0
-388  379 0
-268  264 0
-475  6 0
 601 -492  465  243  50 -46 -40 -39 -35  34  21 -20 -19  18 0
-510 -294 0
 193  191  190 -189 0
 841  824  823  822  821  210  202  195  188 -187 -182 -13 -12 0
-577  567 0
-767  649 0
-236 -159 0
-285  19 0
 307  294  293  292  285  279  274  269  263 -261 -258  145 -57 0
-33  31 0
-496  495 0
 571  468  302 -298  285  279  274  269  263  257  132 -131 -130  129  63  62  59  56 0
 90 -89 0
-340 -21 0
-616 -607  606 0
 521  358  357  356  355 -316 -54 -53 0
-245 -34 0
-356  60 0
 126  125  123  121  119  118  117 -116  107  100 0
-227  224 0
-485 -159 0
-172 -11 0
-66 -21 0
 320 -164  34  30  26  22  11  4 0
 388  310  302  285  279  274  269  263  257  148  132  63  62  59  56  21  11  4 0
 268 -81  34  30  26  22  11  4 0
 112 -111 0
-474  466 0
-510 -293 0
-193  189 0
-719  229 0
 577  468  285  279  274 -270  63 -24 -13 -12 0
-768  767 -621 0
-646  613 0
 520 -507 0
-418  417 -113 0
-32  31 0
-747  739 0
 496  468  113  105  98  91  84  77  70 -64  63  62  59  56 -55 -54 -53 0
-89 -34 0
-340  33 0
-373  314 0
-382  379 0
-214 -11 0
-552  548 0
-245 -21 0
-147  51 0
-227 -34 0
-730  721 0
-172 -4 0
-521 -358 0
-696  688 0
-66 -11 0
-307 -294 0
-596  583 0
 474  468  145  63  62  59 -58 -57 0
-194  193  34  30  26  22  11  4 0
-719  130 0
-320  164 0
 531  530  529  528  527  526  525  524  523  522  521 -520 0
-268  81 0
-280  279  11 -7  4 0
-30  19 0
 747  695  694  349  343 -339 -192 -6  5 0
-340 -11 0
 375  374  373  367  366  358  357  356  355  349  343  338  333  327  321  34  21 0
 382  302 -298  285  279  274  269  263  257  132 -131 -130 -129  63  62  59  56 0
-214 -4 0
-797  781 0
 552  481  232 -226  225 -224  210  202  195  188  181  174  167  160  159  157  155 -130  129 0
-618 -617  616 0
 149  148  147  139  132  113  105  98  91  84  77  70  63  62  59  56  34  21 0
-227 -21 0
 730  663  662  661  285  279  274 -270 -88 -13 -12 0
-170  168 0
-521 -357 0
 696  695  694  693  692  691  690  210  202  195  188  181  174  167 -164 -161 -54  53 0
-66 -4 0
-307 -293 0
 596 -520 -508  416  349 -344 -29  11 -7  4 0
-301 -11 0
-320 -34 0
-268 -34 0
-30  6 0
-474 -468 0
-769  768 -652 0
-340 -4 0
 194 -193 0
 797  789  788  787  113  105  98 -97 -92 -6  5 0
-421  417  113 0
 280 -279 0
-400  391 0
-815  138 0
-223 -160 0
-355  325 0
 758 -654  653 -47  21  11  4 0
-388 -279 0
-171  170  21  11  4 0
-531  520 0
-65  64 0
-685  656 0
-301 -4 0
-646  7 0
-30  5 0
-474 -63 0
-373 -358 0
-338  6 0
-193 -34 0
 284  282  281 -280 0
-147 -113 0
 400  374  366  349  343  338  333  327  321  239  225  160  159  157  155  21  11  4 0
-815  130 0
-223 -159 0
-355  57 0
-484  479 0
-619  617  616 0
 531  358 -15 -13  12 0
 65 -55  34  21 0
 171 -170 0
-394  391 0
 685  663  662  661  113  105  98  91 -88 -85 -13  12 0
-300  298 0
-640  17 0
-791  781 0
-235  152 0
-26 -21 0
-474 -62 0
-373 -357 0
-382 -279 0
-89 -11 0
-126 -34 0
 768  652 -624 0
-245 -11 0
-284  280 0
-584  583 0
 421 -416  105 -99  11 -7  4 0
 484  481  225 -224  160  159  157  155 -130  129 0
-65  55 0
-170 -21 0
-531 -358 0
 394  366 -362  349  343  338  333  327  321  225 -224  160  159  157  155 -130 -129 0
 300 -297  34  21 0
-641  640 -479 -466 -39  20 -19 0
 792  791  789  788  787  786  785  784  783  139 -138 -133 -130 -129  113  105  98  91  84  77  70 0
 235  210  202  195  188  181 -175  160  159 -158 -142 -60 0
-27  26 -19 -7 0
-589  583 0
-89 -4 0
-140 -63 0
-724  721 0
-855  776 0
-126 -21 0
-245 -4 0
 284 -102  34  30  26  22  11  4 0
 584  481  349  343  338  333  327  321 -317  160  159  157  155 -154 -54 -53 0
 432  419 -391 -379  21  11  4 0
-213 -34 0
-65 -34 0
 619 -613 -532  507 -416  34  21 -7 0
-509  508 0
-170 -11 0
-531 -12 0
-320 -11 0
-484 -481 0
-268 -11 0
-300  297 0
 589  481  349  343  338  333 -328  160  159 -158 -142 -60 0
 27 -26 0
-87  85 0
-140 -62 0
-400 -343 0
 724  666  663  662  661  660  659  658  302 -298  285  279  274  269  263  257 -136 -130 -129 0
 855  779 -768 -621 0
 334 -333 0
-736  721 0
 769 -739 -721  47  34  30  26  22  11  4 0
-235 -210 0
-564  548 0
-627  17 0
-213 -21 0
-710  688 0
-284  102 0
-65 -21 0
 509  294  293  292  291 -252 -54 -53 0
-170 -4 0
 350 -349 0
-320 -4 0
-484 -160 0
-360  314 0
-268 -4 0
-300 -34 0
-807  781 0
 29  28 -27 0
-88  87  21  11  4 0
-193 -11 0
 337  336  335 -334 0
 736  663  662  661  660  659  285  279  274  269  263 -258 -145 -74 -57 0
-825  816 0
-701  688 0
 508 -507 0
 564  481  210  202  195  188  181  174 -168  160  159  157 -156 -145 -57 0
-628  627  617 -613  608 -520 -508 -416 -7 0
 710  695  694  693  210  202  195  188 -185 -182 -13 -12 0
-284 -34 0
-63 -52 0
-169  168 0
-394 -343 0
 354  352  351 -350 0
-319  317 0
-484 -159 0
 367  366 -362 -361  360  358  357  356  355  349  343  338  333  327  321 -130 -129 0
-557  548 0
-266  264 0
-300 -21 0
-509 -294 0
 807  789  788  787  113  105  98 -97 -92 -6 -5 0
-193 -4 0
-29  27 0
-337  334 0
 88 -87 0
 825  824  823  822  821  820  819  818  210  202  195  188  181  174  167 -166 -161 -54  53 0
 701  695  694  693  692  210  202  195  188  181 -178 -175 -142 -60 0
 519  518  517  516  515  514  513  512  511  510  509 -508 0
-225  154 0
 152 -50 0
 63 -32 -6 0
 169 -156  34  21 0
-530  520 0
-500  495 0
 319 -316  34  21 0
-354  350 0
 557  481  240  239  232  225  210  202  195  188  181  174  167  160  159  157  155  34  21 0
-267  266  34  21 0
-299  298 0
-473  466 0
-509 -293 0
-191  189 0
-675  656 0
-28  27 0
-126 -11 0
-642  641 -608 0
 337 -185  34  30  26  22  11  4 0
-87 -21 0
-657  656 0
-388 -63 0
-225  54 0
 242  241  238  237  236  235  234  233  223  222  153 -152 0
 530 -9 -6  5 0
-63  32 0
-360 -358 0
 500  468  142  113  105  98  91  84 -78  63  62 -61 -60 0
-169  156 0
 354 -205  34  30  26  22  11  4 0
 299 -131  21  11  4 0
-319  316 0
 473  468 -142  63  62 -61 -60 0
-519  508 0
-546  495 0
 267 -266 0
-753  739 0
-375  361 0
-192  191  21  11  4 0
-676  675  419  378  249 -116 -114 0
-26  7 0
-126 -4 0
-576  567 0
 456 -428 -210 0
-854  776 0
-87 -11 0
-758 -34 0
 663  662  661  660  659  658  657  113  105  98  91  84  77  70 -67 -64 -54 -53 0
-746  739 0
-388 -62 0
-213 -11 0
-337  185 0
-830  816 0
-63  6 0
-109 -21 0
-360 -357 0
-169 -34 0
-530 -5 0
-533  532 0
-319 -34 0
-382 -63 0
 519  294 -16 -13  12 0
 546  468 -145  113  105  98  91  84  77 -71  63  62  59 -58 -57 0
-242  152 0
-266 -34 0
-375  130 0
 753 -479 -466 -350 -205  30  26  22  20 -19  11  4 0
-299  131 0
-26  19 0
-354  205 0
 116 -107 0
 576  468  310  302  285  279  274  269  263  257  148  132  63  62  59  56  21  11  4 0
 854  779 -765 -607 0
-87 -4 0
-473 -468 0
 192 -191 0
 746  695  694  693  692  691  349  343  338  333  327 -322 -171  145 -57 0
-643  641  608 0
-213 -4 0
-419  418  378 -314 -250  34  21 0
 830  824  823  822  821  820  210  202  195  188  181 -180 -175 -142 -60 0
-62 -52 0
-169 -21 0
-530  9 0
-537 -534  533  507  378  249  34  21 0
-319 -21 0
-382 -62 0
-668  656 0
 242  210  202  195  188 -182  160 -25 -13  12 0
-266 -21 0
-847  816 0
-595  583 0
-299 -21 0
-22 -21 0
-519 -294 0
-86  85 0
-473 -63 0
-191 -21 0
-837  816 0
 676 -663 -625 0
-235 -160 0
-457  456  210 0
-306  250 0
-337 -30 0
 62 -24 -13 0
-108  107  21  11  4 0
-167  57 0
-530  6 0
-318  317 0
-729  721 0
 668  663  662  661  660  142  113  105  98  91  84 -81 -78 -60 0
-265  264 0
 847  824  823  822  821  820  819  210  202  195  188  181  174 -173 -168 -145 -57 0
 595 -520 -508 -416  349 -344 -29  11 -7  4 0
-128  51 0
-400 -160 0
-299 -11 0
-23  22 -19 -13 -12 0
-741  739 0
-519 -12 0
 663 -108 -19 0
 86  34 -24  21 0
-473 -62 0
-149  133 0
-191 -11 0
-838  837  419  378  249 -211 -114 0
-222  152 0
-235 -159 0
-242 -210 0
 306  294  293  285  279  274  269 -267 -264 -142 -60 0
-337 -26 0
 643 -629 -432 0
-796  781 0
-529  520 0
-717  688 0
-62  24 0
 318 -154  21  11  4 0
 729  663  662  285  279 -275 -95 -6  5 0
 108 -107 0
-603  602 0
 618 -602  465  21 -20  11  4 0
-629  628 -418 0
 265 -61  21  11  4 0
 139 -133  132 -131 -130 -129  128  113  105  98  91  84  77  70  63  62  59  56 0
-400 -159 0
-299 -4 0
 741  695  694  693  692  691  690  349  343  338  333  327  321 -317 -164 -54  53 0
-149  130 0
-191 -4 0
-663  108 0
-86 -34 0
 222  210  202  195  188  181  174  167 -161  160  159  157  155 -154 -54  53 0
-337 -22 0
-394 -160 0
 796  789  788  787  786  785  784  145  113  105  98  91  84  77 -76 -71 -57 0
 457 -203  30  26  22 -20 -19  11  4 0
 165  163  162 -161 0
 529  358  357  356 -325 -145 -57 0
 717  695  694  693  210  202  195  188 -185 -182 -13  12 0
-62  13 0
-483  479 0
-107 -21 0
 603 -583 -567  465  378  249  21  11  4 0
-306 -294 0
-318  154 0
-265  61 0
-147 -63 0
-190  189 0
-663  19 0
-851  776 0
-86 -21 0
-125 -34 0
-337 -11 0
-394 -159 0
 838 -824 -769 0
-212 -34 0
 483  481  225 -224  160  159  157  155 -130 -129 0
-367  316 0
-165  161 0
-644  643  629 0
-107 -11 0
-128 -113 0
-792  69 0
-529 -358 0
-306 -293 0
-318 -21 0
-630  629  628 0
-518  508 0
-222 -210 0
-265 -21 0
-147 -62 0
 190  34 -33  21 0
-684  656 0
-852  851  494  50  46 -40 -35 0
-86  24 0
-125 -21 0
-25  23 0
-337 -4 0
-282 -34 0
-212 -21 0
-367  54 0
-166  165  34  30  26  22  11  4 0
-539  537 0
-107 -4 0
 419 -34 -20 0
-792  54 0
-529 -357 0
-318 -11 0
 518 -10 -6  5 0
-265 -11 0
-472  466 0
-483 -481 0
 684  663  662  661  660  659 -145  113  105  98  91  84  77 -74 -71 -57 0
-84  13 0
-125 -11 0
-190 -34 0
-234  152 0
-24  23 0
 779 -45 -38 0
-336  334 0
-282 -21 0
-212 -11 0
-764  649 0
 539  349  343 -339 -9 -6 -5 0
-570  567 0
 61 -59 0
-105 -30 0
 644 -39  30  26  22  20 -19  11  4 0
-419 -34  20 0
-295  250 0
-318 -4 0
 166 -165 0
-506  314 0
-265 -4 0
-853  852 -779 0
 472  468  142  63  62 -61 -60 0
-483 -160 0
-518 -5 0
-125 -4 0
 631  630 -613 -416  11 -7  4 0
-387  379 0
-190 -21 0
-662  102 0
 234  210  202  195  188  181 -175  160  159 -158  142 -60 0
-242 -160 0
-22  19 0
-588  583 0
 336  34  21 -15 0
-779  45 0
-281  280 0
-212 -4 0
-765  764 -607 0
 570  468  302 -298  285  279  274  269  263  257  132 -131 -130 -129  63  62  59  56 0
 60 -59 0
-105 -26 0
-381  379 0
 295  294  293  292  291  285  279  274  269  263  257 -253 -252 -54  53 0
-165 -34 0
-506  250 0
-813  781 0
-420  419  34 0
-263  60 0
-483 -159 0
-518  10 0
-123  116 0
 387  285  279 -275 -32 -6  5 0
-190  33 0
-662  7 0
-242 -12 0
 588  481  349  343  338  333 -328  160  159 -158  142 -60 0
-806  781 0
-472 -468 0
-779  38 0
 281 -28  21  11  4 0
-336 -34 0
 211 -197 0
-105 -22 0
 381  285  279  274  269  263  257 -253  63  62  59  56 -55 -54  53 0
-234 -210 0
-707  688 0
-506 -34 0
 813  789  788  787  786  113  105  98  91 -90 -85 -13  12 0
-518  6 0
-689  688 0
 420 -419  34 0
-124  123  34  30  26  22  11  4 0
-188  6 0
-22  12 0
 78 -77 0
 806  789  788  787  786  113  105  98  91 -90 -85 -13 -12 0
-472 -63 0
-336 -21 0
-210  114 0
 861 0
-281 -21 0
-295 -294 0
-105 -11 0
-766  765 -652 0
-551  548 0
-708  707  419  378  249 -211 -114 0
-374  362 0
-506 -21 0
 617 -39 -19 0
-517  508 0
 695  694  693  692  691  690  689  210  202  195  188  181  174  167 -164 -161 -54 -53 0
 420 -47 -21 0
-21 -11 0
 82  80  79 -78 0
-472 -62 0
-336  15 0
 124 -123 0
-387 -279 0
-281  28 0
-295 -293 0
-105 -4 0
 58 -56 0
-631  39 0
-528  520 0
-399  391 0
 551  481  232 -226  225 -224  210  202  195  188  181  174  167  160  159  157  155 -130 -129 0
 250 -249 0
-374  130 0
-352 -21 0
 517  294  293  292 -261 -145 -57 0
 258 -257 0
-617  39 0
-148  131 0
-241  152 0
-21 -4 0
-661  95 0
-420  47 -21 0
-82  78 0
-393  391 0
 853 -816 -781  49  34  30  26  22  11  4 0
-335  334 0
-123 -34 0
-381 -279 0
-387 -5 0
-105  19 0
-494  244 0
-700  688 0
 57 -56 0
-735  721 0
 528  375  367  358  357  356  355 0
 399  349  343 -339 -33 -6  5 0
 313  312  309  308  307  306  305  304  296  295  251 -250 0
 765  652 -616 0
-165 -11 0
-563  548 0
 262  260  259 -258 0
-728  721 0
-617  19 0
-499  495 0
-148  130 0
 241  210  202  195  188  181  174 -168  160  159  157 -156 -145 -57 0
 708 -695 -625 0
-594  583 0
-661  6 0
 182 -181 0
-83  82  34  30  26  22  11  4 0
-752  739 0
-517 -294 0
 393  349  343  338  333  327  321 -317  160  159  157  155 -154 -54  53 0
 420 -416  21 0
 335 -25  21  11  4 0
 700  695  694  693  692  210  202  195  188  181 -178 -175  142 -60 0
 735 -479 -466 -286 -108  30  26  22  20 -19  11  4 0
 203 -202 0
-165 -4 0
-222 -160 0
 695 -205 -19 0
-428  427 -113 0
 563 -520 -508 -453  416 -29 -7 0
 728  663  662  661  660  659  285  279  274  269  263 -258  145 -74 -57 0
 499  468  139 -133  132 -131 -130  129  113  105  98  91  84  77  70  63  62  59  56 0
-528 -358 0
-262  258 0
 594  481  349  343 -339 -33 -6 -5 0
 186  184  183 -182 0
 752 -479 -466 -350 -205  30  26  22 -20 -19  11  4 0
-517 -293 0
-387  32 0
-420  416  21 0
-582  567 0
-279 -11 0
-335 -21 0
 83 -82 0
-139  64 0
 208  206  204 -203 0
-241 -210 0
-305  250 0
-372  314 0
-163  161 0
-538  537 0
-222 -159 0
-695  205 0
-601 -11 0
 766 -739 -721  378  249 -47  34  30  26  22  11  4 0
-528 -357 0
-399 -343 0
 262 -74  34  30  26  22  11  4 0
-471  466 0
-186  182 0
 313  294  285  279  274 -270 -16 -13  12 0
-387  6 0
 582  468  285  279  274 -270  63 -24 -13  12 0
-279 -4 0
-335  25 0
-82 -34 0
-366  317 0
-234 -160 0
-861 -1 0
-139  54 0
-723  721 0
 305  294  293  285  279  274  269 -267 -264  142 -60 0
 99 -98 0
 372  349  343 -339 -9 -6  5 0
-164  163  21  11  4 0
-208  203 0
 538  358  349  343  338 -334 -15 -13 -12 0
-482  479 0
-695  19 0
-601 -4 0
-146  51 0
-393 -343 0
-429  427  113 0
-351 -21 0
-829  816 0
 471  468  132 -131 -130  129  63  62  59  56 0
-660  88 0
-187  186  34  30  26  22  11  4 0
-123 -11 0
-386  379 0
-545  495 0
-262  74 0
-279  7 0
-335 -11 0
-366  54 0
-234 -159 0
-50 -34 0
 723  663  662  661  660  659  658  285  279  274  269  263  257 -253 -67 -54  53 0
-313 -294 0
 103  101  100 -99 0
-745  739 0
-209  208  34  30  26  22  11  4 0
 482  481  160  159  157  155 -154 -54  53 0
-716  688 0
 146  113  105  98 -92 -32 -6  5 0
 164 -163 0
-399 -5 0
 642 -152 -51  46  34  21 0
 829  824  823  822  821  820  210  202  195  188  181 -180 -175  142 -60 0
-11 -3 0
-610  608  607 0
-660  13 0
-667  656 0
-305 -294 0
-123 -4 0
 386  285  279  274  269  263 -258  145  63  62  59 -58 -57 0
 545 -520 -508 -423  416 -28 -7 0
-262 -34 0
-335 -4 0
 187 -186 0
-50 -21 0
-471 -468 0
 479 -465 0
 137  135  134 -133 0
-631  19 0
 745  695  694  693  692  349  343  338  333 -328 -178 -142 -60 0
-775  1 0
-103  99 0
-817  816 0
 716  695  694  693  692  691  210  202  195  188  181  174 -171 -168 -145 -57 0
-163 -21 0
-399  33 0
 209 -208 0
-14 -13 -12  11 -7 0
-648  1 0
 667  666  663  662  661  660  659  658  139 -136 -133 -130  129  113  105  98  91  84  77  70 0
 429 -106  30  26  22 -20 -19  11  4 0
-305 -293 0
-482 -481 0
-381 -63 0
-146 -113 0
-556  548 0
-333  13 0
 365  364  363 -362 0
-186 -34 0
-471 -63 0
 491  490  489  488  487  486  485  484  483  482  480 -479 0
-137  133 0
-104  103  34  30  26  22  11  4 0
 824  823  822  821  820  819  818  817  210  202  195  188  181  174  167 -166 -161 -54 -53 0
-163 -11 0
-399  6 0
-694  199 0
-349 -30 0
-649  648  21  11  4 0
-516  508 0
-776  775  34  11  4 0
-482 -160 0
-381 -62 0
-611  610  506 -419  378 -114 0
 556  481  210  202  195 -189 -33 -6  5 0
-82 -11 0
 275 -274 0
-47  46 -34 0
-471 -62 0
-365  362 0
-790  781 0
-138  137  34  30  26  22  11  4 0
-386 -279 0
-163 -4 0
-527  520 0
-398  391 0
-694  7 0
-349 -26 0
-372 -5 0
 104 -103 0
-491  479 0
 516  311  303  294  293  292  291 0
-482 -159 0
-659  81 0
-846  816 0
-82 -4 0
-233  152 0
 278  277  276 -275 0
 365 -229  34  30  26  22  11  4 0
 790  789  788  787  786  785  784  783  113  105  98  91  84  77  70 -69 -64 -54  53 0
-313 -12 0
 47 -46 -34 0
-504  495 0
-153  152 0
-575  567 0
-672  656 0
-162  161 0
 527  358  357  356 -325  145 -57 0
 398  349  343  338  333  327 -322  160  159  157 -156  145 -57 0
-349 -22 0
-372  9 0
 138 -137 0
-562  548 0
-103 -34 0
 491  481  160 -25 -13  12 0
-659  60 0
-262 -11 0
-16  14 0
 846  824 -479 -466 -459 -209  20 -19 0
-80  78 0
-516 -294 0
 233  232 -226  225 -224  210  202  195  188  181  174  167  160  159  157  155 -130  129 0
-587  583 0
 328 -327 0
-740  739 0
 615  614  612 -611 0
-241 -160 0
-278  275 0
-121 -34 0
 504  468  149  148  139  132  113  105  98  91  84  77  70  63  62  59  56  34  21 0
 210  202  195  188  181  174  167 -161  160  159  157  155 -154  153 -54 -53 0
 575  468  285  279 -275 -32 -6  5 0
-48  46  34 0
-673  672  506 -419  378 -116 -114 0
 824 -219 -36 0
-365  229 0
 162 -154  34  21 0
-393 -160 0
-349 -11 0
-372  6 0
-137 -34 0
-795  781 0
 562 -520 -508 -450 -416 -29 -7 0
-146 -5 0
-527 -358 0
-262 -4 0
-593  583 0
-491 -481 0
-15  14 0
-81  80  21  11  4 0
-516 -293 0
-186 -11 0
 587  481  366 -362  349  343  338  333  327  321  225 -224  160  159  157  155 -130  129 0
 332  330  329 -328 0
 740  695  694  693  692  691  690  349  343  338  333  327  321 -317 -164 -54 -53 0
-655  654 0
-241 -159 0
 278 -95  34  30  26  22  11  4 0
-121 -21 0
-615  611 0
-774  649 0
 48 -46  34 0
-365 -34 0
-393 -159 0
-824  219 0
-349 -4 0
-371  314 0
-162  154 0
 795  789  788  787  786  785 -142  113  105  98  91  84 -83 -78 -60 0
-693  192 0
-146  32 0
-527 -357 0
-260  258 0
 593  481  349  343  338 -334  160 -25 -13 -12 0
-491 -160 0
-233 -210 0
-812  781 0
-11  7 0
-186 -4 0
-210 -153 0
-860  776 0
 629 -611 -114 0
 720 -688 -656  655  494  50  21  11  4 0
-398 -343 0
-683  656 0
-332  328 0
 81 -80 0
 615 -39  21  11  4 0
-802  781 0
 774  652  647  646  631  629  617  608 0
-824  36 0
-278  95 0
-49  48 -21 0
-349  19 0
 371  358  357  356  349  343  338  333  327 -325 -322  145 -57 0
-162 -34 0
-693  6 0
 673 -663 -618 0
-146  6 0
-261  260  34  21 0
-491 -12 0
-658  74 0
 812  789  788  787  786  785  784 -145  113  105  98  91  84  77 -76 -71 -57 0
-251  250 0
-184  182 0
-211  210 -114 0
 860  779  652  647  646  631  629  617  608 0
-544  495 0
 683 -479 -466 -431 -108  20 -19 0
-312  250 0
 332 -178  34  30  26  22  11  4 0
-80 -21 0
-629  611 0
-803  802  419  378  249 -116 -114 0
-615  39 0
-386 -63 0
-278 -34 0
 453 -424 -210 0
-162 -21 0
 49 -48 -21 0
 537 -377 0
-380  379 0
-144  51 0
-658  57 0
 261 -260 0
 294  293  292  291  285  279  274  269  263  257 -253 -252  251 -54 -53 0
 12 -11 0
-185  184  21  11  4 0
 211 -210 0
 544 -520 -508 -417 -416 -28 -7 0
 312  294  293  292  285  279  274  269  263 -261 -258 -145 -57 0
-80 -11 0
-371 -358 0
-629  114 0
-581  567 0
-615 -21 0
-386 -62 0
-332  178 0
-344  343  11 -7  4 0
-137 -11 0
-160 -153 0
-734  721 0
 537 -376 0
 48  21 -20 0
-480  479 0
 380  285  279  274  269  263  257 -253  63  62  59  56 -55 -54 -53 0
 145  144  113  105  98  91  84  77 -71  63  62  59 -58 -57 0
-635  17 0
-260 -34 0
-4 -3 0
-470  466 0
 221  220  218  216  214  213  212 -211  204  197 0
-80 -4 0
-121 -11 0
-371 -357 0
-751  739 0
 185 -184 0
 581  468  285  279  274  269  263 -258 -145  63  62  59 -58 -57 0
-365 -11 0
-615 -11 0
-332 -34 0
-137 -4 0
 160 -33 -6 0
 803 -789 -769 0
-823  209 0
 734 -479 -466 -286 -108  30  26  22 -20 -19  11  4 0
-101  99 0
 537 -373 0
-692  185 0
-294 -251 0
-304  250 0
-454  453  210 0
 344 -343 0
 481  480  160  159  157  155 -154 -54 -53 0
-636  635 -479 -466 -39 -20 -19 0
-569  567 0
-312 -294 0
-48  21  20 0
-490  479 0
-260 -21 0
-8 -7 -6 -5  4 0
-515  508 0
 470  468  132 -131 -130 -129  63  62  59  56 0
-238  152 0
 428 -419 -391 -379  21  11  4 0
-777  776 0
-79  78 0
-121 -4 0
 751  695 -520 -508  416  349 -344 -199  11 -7  4 0
-184 -21 0
-365 -4 0
-615 -4 0
-144 -113 0
-135  133 0
-823  19 0
-102  101  21  11  4 0
-160  33 0
 537 -372 0
-692  13 0
-699  688 0
 294 -10 -6 0
 304  303  302 -298 -297  294  293  292  291  285  279  274  269  263  257 -130  129 0
 348  346  345 -344 0
-526  520 0
 569  468  285  279  274  269  263  257 -253  63  62  59  56 -55 -54  53 0
-312 -293 0
 490  481  160  159  157 -156 -145 -57 0
-259  258 0
-760  649 0
 515  294  293  292 -261  145 -57 0
-833  816 0
-398 -160 0
 240  239  238  232  225  210  202  195  188  181  174  167  160  159  157  155  34  21 0
 8 -4 0
-778  777  243  50 -46 -40 -35 0
 79 -61  34  21 0
-481 -480 0
-184 -11 0
-555  548 0
-364  362 0
-614  611 0
-392  391 0
-278 -11 0
-470 -468 0
-136  135  21  11  4 0
-380 -279 0
-160  6 0
-206 -21 0
 537 -371 0
 699  698  695  694  693  692  691  690  232 -229 -226  210  202  195  188  181  174  167 -130  129 0
 526  358  357 -331 -142 -60 0
-294  10 0
-348  344 0
 102 -101 0
 259 -58  21  11  4 0
-561  548 0
 44  43  41 -40 0
 454  416  202 -196  11 -7  4 0
-761  760  494  50  46 -40 -35 0
-834  833  506 -419  378 -211 -114 0
-398 -159 0
 10  9 -8 0
-727  721 0
 481 -29 -7 0
-490 -481 0
-620  17 0
-184 -4 0
-845  816 0
-79  61 0
-515 -294 0
 555  481  210  202  195  188  181  174 -168  160  159  157 -156  145 -57 0
 364 -361  34  21 0
 614 -42  34  30  26  22  11  4 0
 392  349  343  338  333  327  321 -317  160  159  157  155 -154 -54 -53 0
-278 -4 0
-470 -63 0
-304 -294 0
-574  567 0
-159 -153 0
 537 -370 0
 136 -135 0
-294  6 0
 348 -199  34  30  26  22  11  4 0
-101 -21 0
-756  739 0
 561  481  210  202  195 -189 -33 -6 -5 0
-526 -358 0
-238 -210 0
-44  40 0
-259  58 0
 727  663  662  661  660  285  279  274  269 -264 -142 -81 -60 0
-490 -160 0
-624 -621  620 0
-183  182 0
-10  8 0
 845  824 -479 -466 -456 -209 -20 -19 0
-79 -34 0
-481  29 0
-515 -293 0
-385  379 0
-277  275 0
-780 -779  778 0
-332 -11 0
-470 -62 0
-364  361 0
-304 -293 0
 574  468  285  279  274  269  263 -258  145  63  62  59 -58 -57 0
 159 -25 -13 0
-205  204  21  11  4 0
 537 -369 0
-822  201 0
-135 -21 0
-614  42 0
-691  178 0
-293 -251 0
-744  739 0
 756  719  698  695  694  693  692  691  690  374  366  349  343  338  333  327  321  34  30  26  22  11  4 0
-526 -357 0
-221 -34 0
-45  44  34  30  26  22  11  4 0
-637  636 -608 0
-550  548 0
-259 -21 0
-348  199 0
-490 -159 0
 183  34 -25  21 0
-9  8 0
-79 -21 0
-481  7 0
-762  761 -652 0
-704  688 0
 834 -824 -766 0
 385  285  279  274  269 -264 -142  63  62 -61 -60 0
-682  656 0
 277  34  21 -10 0
-332 -4 0
-364 -34 0
-119 -34 0
-773  649 0
 537 -368 0
-822  7 0
-135 -11 0
-614 -34 0
-159  25 0
-691  60 0
 293 -16 -13 0
 744  695  694  693  692  349  343  338  333 -328 -178  142 -60 0
 205 -204 0
-233 -160 0
-221 -21 0
 550  481  210  202  195  188  181  174  167 -161  160  159  157  155 -154 -54  53 0
-259 -11 0
-348 -34 0
-392 -343 0
 7 -4 0
-77  60 0
-480 -160 0
-625  624 -617 0
-183 -34 0
-828  816 0
-705  704  506 -419  378 -211 -114 0
 45 -44 0
 682 -479 -466 -427 -108 -20 -19 0
-543  495 0
-330  328 0
-364 -21 0
-277 -34 0
-119 -21 0
 773  652 -641 -479 -466 -39  20 -19 0
 537 -360 0
-135 -4 0
-159  13 0
-204 -21 0
-233 -159 0
-293  16 0
-259 -4 0
 6 -4 0
-592  583 0
-480 -159 0
-638  636  608 0
-183 -21 0
 828  827  824  823  822  821  820  819  818  232 -231 -226  210  202  195  188  181  174  167 -130  129 0
-44 -34 0
-498  495 0
 543  468  113  105  98 -92 -32 -6 -5 0
-859  776 0
-331  330  34  21 0
-363  362 0
-277 -21 0
 537 -359 0
-134  133 0
 100  34 -28  21 0
-204 -11 0
-293  13 0
-385 -279 0
-722  721 0
-397  391 0
-257  57 0
-715  688 0
 5 -4 0
 592  481  374  366  349  343  338  333  327  321  239  225  160  159  157  155  21  11  4 0
-183  25 0
 498  468  139 -133  132 -131 -130 -129  113  105  98  91  84  77  70  63  62  59  56 0
-144 -63 0
 859  779  652 -641 -479 -466 -39  20 -19 0
 363 -224  21  11  4 0
-626  624  617 0
-380 -63 0
-277  10 0
 331 -330 0
 537 -315 0
 705 -695 -618 0
 134 -131  34  21 0
-821  194 0
-204 -4 0
-690  171 0
-816 -781  780  494  50 -49  34  30  26  22  11  4 0
-100 -34 0
-525  520 0
 722  663  662  661  660  659  658  285  279  274  269  263  257 -253 -67 -54 -53 0
 397  349  343  338  333 -328  160  159 -158 -142 -60 0
 715 -479 -466 -459 -205  20 -19 0
-514  508 0
-181  13 0
 71 -70 0
-144 -62 0
-380 -62 0
 638 -629 -428 0
-276  275 0
-330 -34 0
-363  224 0
-614 -11 0
-821  6 0
-134  131 0
 158 -157 0
-202 -30 0
-690  57 0
-100 -21 0
 525  358  357 -331  142 -60 0
-221 -11 0
 256  255  254 -253 0
-489  479 0
 514  294  293 -267 -142 -60 0
 75  73  72 -71 0
 276 -32  21  11  4 0
-330 -21 0
-119 -11 0
-363 -21 0
-614 -4 0
 626 -613 -537 -534  507  416  34  21 -7 0
-134 -34 0
-157  60 0
-202 -26 0
-100  28 0
-221 -4 0
-292  267 0
 489  481  239  225  160  159  157  155 0
-370  314 0
-525 -358 0
-256  253 0
-44 -11 0
-75  71 0
-469  466 0
-514 -294 0
-329  328 0
-119 -4 0
-397 -343 0
-363 -11 0
-612  611 0
-639  638  629 0
-276 -21 0
-134 -21 0
-202 -22 0
-98 -11 0
-385 -63 0
 211 -204 0
-292  60 0
 370  358  357  349  343  338  333 -331 -328 -142 -60 0
-392 -160 0
-525 -357 0
 256 -67  34  30  26  22  11  4 0
-794  781 0
-536  534 0
-44 -4 0
 175 -174 0
-76  75  34  30  26  22  11  4 0
 469  468  63  62  59  56 -55 -54  53 0
-489 -481 0
-514 -293 0
-844  816 0
 329 -158  21  11  4 0
-665  656 0
-363 -4 0
-750  739 0
-613  612  34  21 0
-276  32 0
-309  250 0
-128 -63 0
-202 -11 0
-820  187 0
-98 -4 0
-385 -62 0
-733  721 0
-392 -159 0
 466 -465 0
 794  789  788  787  786  785  142  113  105  98  91  84 -83 -78 -60 0
 536  285  279 -275 -10 -6 -5 0
-560  548 0
-43  40 0
-493  492 0
 179  177  176 -175 0
-489 -160 0
-256  67 0
 844  824  823 -520 -508 -453  416 -201 -7 0
 666  665  663  662  661  660  659  658  139 -136 -133 -130 -129  113  105  98  91  84  77  70 0
 750  695 -520 -508 -416  349 -344 -199  11 -7  4 0
-370 -358 0
-681  656 0
-276 -11 0
 311  310  309  303  302  294  293  292  291  285  279  274  269  263  257  34  21 0
-329  158 0
 76 -75 0
 613 -612 0
-128 -62 0
-202 -4 0
-223  152 0
-820  13 0
-469 -468 0
-98  7 0
 639 -39  30  26  22 -20 -19  11  4 0
 156 -155 0
-782  781 0
-240  226 0
 733  663 -520 -508  416  285 -280 -102  11 -7  4 0
 478  477  476  475  474  473  472  471  470  469  467 -466 0
 560  481  210  202  195  188 -182  160 -25 -13 -12 0
 43 -39  34  21 0
 566 -548 -495  494  493  465  50  34  21 0
-143  51 0
-489 -159 0
-179  175 0
-256 -34 0
-370 -357 0
 681  663 -520 -508 -423  416 -102 -7 0
-276 -4 0
-329 -21 0
-75 -34 0
-612 -34 0
-202  19 0
 232 -226  225 -224  223  210  202  195  188  181  174  167  160  159  157  155 -130 -129 0
-580  567 0
-586  583 0
-469 -63 0
-155  57 0
-772  649 0
 789  788  787  786  785  784  783  782  113  105  98  91  84  77  70 -69 -64 -54 -53 0
-240  130 0
-291  261 0
-503  495 0
-849  816 0
-346 -34 0
 143 -142  113  105  98  91  84 -78  63  62 -61 -60 0
-671  656 0
-43  39 0
-378 -21 0
-180  179  34  30  26  22  11  4 0
-397 -160 0
-309 -294 0
-811  781 0
-274  6 0
-329 -11 0
-478  466 0
-612 -21 0
 580 -520 -508  416  285 -280 -28  11 -7  4 0
 586  481  366 -362  349  343  338  333  327  321  225 -224  160  159  157  155 -130 -129 0
-469 -62 0
 772  652 -636 -479 -466 -39 -20 -19 0
-118 -34 0
-238 -160 0
-291  57 0
 503  468  113  105  98 -92 -32 -6  5 0
-524  520 0
-220 -34 0
 850  849  827  824  823  822  821  820  819  818  240  232  210  202  195  188  181  174  167  34  30  26  22  11  4 0
-346 -21 0
 671  663  662  113  105  98 -95 -92 -6  5 0
-714  688 0
-43 -34 0
-378 -11 0
-513  508 0
-397 -159 0
-309 -293 0
-359  314 0
-223 -210 0
 811  789 -479 -466 -431 -112  20 -19 0
-329 -4 0
-738  721 0
 478  468  63 -24 -13  12 0
 180 -179 0
-542  495 0
-143 -113 0
-384  379 0
-819  180 0
 92 -91 0
-118 -21 0
-238 -159 0
 524  367 -361  358  357  356  355 -130  129 0
-220 -21 0
-345  344 0
 714 -479 -466 -456 -205 -20 -19 0
-43 -21 0
-378 -4 0
 513  294  293 -267  142 -60 0
 359  358  357  356  355  349  343  338  333  327  321 -317 -316 -54  53 0
-726  721 0
-327  60 0
 738  687  666  663  662  661  660  659  658  310  302  285  279  274  269  263  257  34  30  26  22  11  4 0
-179 -34 0
 542  468  113  105  98  91 -85  63 -24 -13 -12 0
-858  776 0
 384  285  279  274  269 -264  142  63  62 -61 -60 0
-819  60 0
 96  94  93 -92 0
-478 -468 0
 196 -195 0
 789 -124 -36 0
-220 -11 0
 345 -29  21  11  4 0
-41  40 0
-256 -11 0
-568  567 0
-524 -358 0
-513 -294 0
 726  663  662  661  660  285  279  274  269 -264  142 -81 -60 0
-75 -11 0
 270 -269 0
 858  779  652 -636 -479 -466 -39 -20 -19 0
-132  55 0
 51 -50 0
-478 -12 0
 200  198  197 -196 0
-554  548 0
-96  92 0
 379 -378 0
-789  124 0
-220 -4 0
-573  567 0
 286 -285 0
-42  41  21  11  4 0
-345 -21 0
-359 -358 0
-743  739 0
-488  479 0
-256 -4 0
 568  468  285  279  274  269  263  257 -253  63  62  59  56 -55 -54 -53 0
-296  250 0
 450 -418 -210 0
-524 -357 0
-513 -293 0
-424  423 -113 0
-75 -4 0
 652 -42 -36 0
 273  272  271 -270 0
-132  54 0
 151  150  147  146  144  143  141  140  128  127  52 -51 0
-478 -63 0
 554  481  210  202  195  188  181 -175  160  159 -158 -142 -60 0
-97  96  34  30  26  22  11  4 0
 625 -583 -567  465  21  20  11  4 0
 762  720 -688 -656  47  21  11  4 0
 390  389  388  387  386  385  384  383  382  381  380 -379 0
-200  196 0
-789  36 0
-218  211 0
 573  468  285  279  274  269 -264 -142  63  62 -61 -60 0
 290  288  287 -286 0
-345  29 0
-359 -357 0
 743  698  695  694  693  692  691  690  366 -362  349  343  338  333  327  321 -229 -130  129 0
 488  481 -33 -6  5 0
-384 -279 0
-255  253 0
 303  302 -298 -297  296  294  293  292  291  285  279  274  269  263  257 -130 -129 0
-396  391 0
-535  534 0
 42 -41 0
 314 -249 0
-73  71 0
 322 -321 0
-652  42 0
-273  270 0
-118 -11 0
-818  173 0
-201  200  34  30  26  22  11  4 0
-219  218  34  30  26  22  11  4 0
 97 -96 0
-151  51 0
 255 -252  34  21 0
-290  286 0
 396  349  343  338  333 -328  160  159 -158  142 -60 0
 535  294  285  279  274 -270 -16 -13 -12 0
-41 -21 0
-488 -481 0
 377  376  373  372  371  370  369  368  360  359  315 -314 0
-451  450  210 0
-74  73  21  11  4 0
-598  583 0
-179 -11 0
 326  324  323 -322 0
-467  466 0
-652  36 0
-425  423  113 0
 273 -88  34  30  26  22  11  4 0
-118 -4 0
-818  57 0
-296 -294 0
-96 -34 0
 151  113  105  98  91 -85  63 -24 -13  12 0
 201 -200 0
 219 -218 0
 290 -108  34  30  26  22  11  4 0
-255  252 0
-41 -11 0
-488 -5 0
-311  297 0
 598  481  349  343  338 -334  160 -25 -13  12 0
-179 -4 0
 391 -378 0
 468  467  63  62  59  56 -55 -54 -53 0
-143 -63 0
-843  816 0
-326  322 0
 74 -73 0
-477  466 0
-680  656 0
-239  224 0
-788  112 0
-273  88 0
 637 -152 -51 -46  34  21 0
-296 -293 0
-343 -11 0
-200 -34 0
-218 -34 0
-255 -34 0
-697  688 0
-41 -4 0
-369  314 0
-488  33 0
-512  508 0
-666  67 0
-311  130 0
-177  175 0
 402  401  400  399  398  397  396  395  394  393  392 -391 0
-798  781 0
-290  108 0
-127  51 0
-143 -62 0
-151 -113 0
-549  548 0
 843  824  823 -520 -508 -450 -416 -201 -7 0
 451 -416  202 -196  11 -7  4 0
 326 -171  34  30  26  22  11  4 0
-73 -21 0
 477  468 -145  63  62  59 -58 -57 0
 680  663 -520 -508 -417 -416 -102 -7 0
-396 -343 0
-239  130 0
 425  416  105 -99  11 -7  4 0
 377  358  349  343  338 -334 -15 -13  12 0
-771  649 0
-788  19 0
-273 -34 0
-468 -467 0
-343 -4 0
-384 -63 0
-255 -21 0
 698  697  695  694  693  692  691  690  232 -229 -226  210  202  195  188  181  174  167 -130 -129 0
 369  358  357  349  343  338  333 -331 -328  142 -60 0
-488  6 0
 512  303 -297  294  293  292  291 -130  129 0
-666  54 0
-713  688 0
-178  177  21  11  4 0
-799  798  506 -419  378 -116 -114 0
-686  656 0
 127  113  105  98  91  84  77  70 -64  63  62  59  56 -55 -54  53 0
 549  481  210  202  195  188  181  174  167 -161  160  159  157  155 -154 -54 -53 0
-73 -11 0
-810  781 0
-390 -279 0
-749  739 0
 771  652 -633  617 -613  608 -520 -508  416 -7 0
-326  171 0
 468 -28 -7 0
-477 -468 0
-343  7 0
-384 -62 0
-502  495 0
-254  253 0
-732  721 0
-487  479 0
-377 -358 0
 713  695 -520 -508 -453  416 -199 -7 0
-232  161 0
 687  686  666  663  662  661  660  659  658  149  139  113  105  98  91  84  77  70  21  11  4 0
-559  548 0
-73 -4 0
 608 -40 -35 0
 178 -177 0
 810  789 -479 -466 -427 -112 -20 -19 0
-512 -294 0
-117 -34 0
 749  695  694  349  343 -339 -192 -6 -5 0
-369 -358 0
-579  567 0
-326 -34 0
-477 -63 0
-703  688 0
-96 -11 0
-468  28 0
 502  468  145  113  105  98  91  84  77 -71  63  62  59 -58 -57 0
-523  520 0
 254 -55  21  11  4 0
-36  35 -34 0
 732  663 -520 -508 -416  285 -280 -102  11 -7  4 0
-127 -113 0
 487  481  160  159  157 -156  145 -57 0
-670  656 0
-232  54 0
 559 -537 -534  507  419  416  378  249 -211 -114  34 -29  21 -7 0
-720 -34 0
-72  71 0
-177 -21 0
-608  40 0
-512 -293 0
-390 -12 0
 799 -789 -766 0
-237  152 0
-117 -21 0
-369 -357 0
 579 -520 -508 -416  285 -280 -28  11 -7  4 0
-477 -62 0
-787  104 0
 703  695  694  210  202  195 -192 -189 -6  5 0
-96 -4 0
-468  7 0
-218 -11 0
-832  816 0
 523  367 -361  358  357  356  355 -130 -129 0
 36 -35 -34 0
 670  663  662  661  660  659  145  113  105  98  91  84  77 -74 -71 -57 0
-254  55 0
-141  51 0
 72 -58  34  21 0
-487 -481 0
-177 -11 0
-608  35 0
-396 -160 0
 237  210  202  195 -189 -33 -6  5 0
-591  583 0
-117 -11 0
-273 -11 0
-857  776 0
-497  495 0
-787  7 0
-94  92 0
-467 -63 0
-218 -4 0
 832  824  823  822  210  202  195 -194 -189 -6  5 0
-303  252 0
 339 -338 0
-850  231 0
-402 -343 0
 230  228  227 -226 0
-254 -21 0
-37  35  34 0
 142  141  113  105  98  91  84 -78  63  62 -61 -60 0
-151 -12 0
-487 -160 0
-755  739 0
-177 -4 0
-523 -358 0
-793  781 0
-72  58 0
-605  17 0
-390 -63 0
-396 -159 0
 591  481  349  343 -339 -33 -6  5 0
-117 -4 0
-273 -4 0
 857  779  652 -633  617 -613  608 -520 -508  416 -7 0
 497  468  113  105  98  91  84  77  70 -64  63  62  59  56 -55 -54  53 0
-541  495 0
-826  816 0
-467 -62 0
-95  94  21  11  4 0
-383  379 0
-198  196 0
-237 -210 0
-303  54 0
 342  341  340 -339 0
-850  130 0
-254 -11 0
-151 -63 0
-230  226 0
 37 -35  34 0
-487 -159 0
 755  695  694  693  349  343  338 -334 -185 -13  12 0
-176  175 0
-523 -357 0
 793  792  789  788  787  786  785  784  783  139 -138 -133 -130  129  113  105  98  91  84  77  70 0
-72 -34 0
 605  566 -548 -495  494  465  50  46 -40 -39 -35  34  21  20 -19 0
 116 -100 0
-272  270 0
-326 -11 0
 541 -537 -534  507  419  416  378  249 -116 -114  34 -28  21 -7 0
 827  826  824  823  822  821  820  819  818  232 -231 -226  210  202  195  188  181  174  167 -130 -129 0
-141 -113 0
 383  302 -298  285  279  274  269  263  257  132 -131 -130  129  63  62  59  56 0
-199  198  21  11  4 0
-342  339 0
 95 -94 0
-377 -12 0
-254 -4 0
-2  1 0
-231  230  34  30  26  22  11  4 0
 176 -158  34  21 0
 534 -313 0
-38  37 -21 0
-72 -21 0
 114 -113 0
 272  34  21 -16 0
-326 -4 0
-786  97 0
 424  419  378 -314 -250  34  21 0
 342 -192  34  30  26  22  11  4 0
-94 -21 0
-623  621  608 0
 199 -198 0
-402 -160 0
-17  3  2 0
 534 -312 0
-70  57 0
-389  379 0
-176  158 0
 38 -37 -21 0
 114 -34 -19 0
 231 -230 0
-324  322 0
-476  466 0
-679  656 0
-272 -34 0
-725  721 0
-786  6 0
-632  17 0
-94 -11 0
-198 -21 0
-572  567 0
-402 -12 0
-150  51 0
-216 -34 0
-342  192 0
 534 -309 0
 389  285  279  274  269  263 -258 -145  63  62  59 -58 -57 0
-176 -34 0
-395  391 0
 459 -432 -210 0
-597  583 0
-230 -34 0
 37  21 -19 0
-325  324  34  21 0
 476  468  148  132  63  62  59  56 0
-383 -279 0
 679  663  662  113  105  98 -95 -92 -6 -5 0
-272 -21 0
-842  816 0
 725  666  663  662  661  660  659  658  302 -298  285  279  274  269  263  257 -136 -130  129 0
-315  314 0
-650  649 0
-237 -5 0
-633  632  617 -613  608 -520 -508  416 -7 0
-94 -4 0
-376  314 0
-553  548 0
 572  468  285  279  274  269 -264  142  63  62 -61 -60 0
-310  298 0
 623 -611  419  378  249 -114 0
 150 -145  113  105  98  91  84  77 -71  63  62  59 -58 -57 0
-216 -21 0
-342 -34 0
 534 -308 0
-712  688 0
 68  66  65 -64 0
-511  508 0
-176 -21 0
 395  366 -362  349  343  338  333  327  321  225 -224  160  159  157  155 -130  129 0
 597  481  349  343  338  333  327 -322  160  159  157 -156 -145 -57 0
-809  781 0
-272  16 0
 842  824  823  822  210  202  195 -194 -189 -6 -5 0
-37  21  19 0
 325 -324 0
 358  357  356  355  349  343  338  333  327  321 -317 -316  315 -54 -53 0
-115  114  34 0
-651  650  243  50 -46 -40 -35 0
-237  33 0
-93  92 0
-476 -468 0
-127 -63 0
 376  358  357  356  349  343  338  333  327 -325 -322 -145 -57 0
-698  164 0
 553  481  210  202  195  188  181 -175  160  159 -158  142 -60 0
-585  583 0
-249 -34 0
-310  130 0
-288 -21 0
-486  479 0
 534 -307 0
 712  695 -520 -508 -450 -416 -199 -7 0
 511  303 -297  294  293  292  291 -130 -129 0
-174  60 0
-68  64 0
 809  789  788 -520 -508 -423  416 -104 -7 0
-271  270 0
-460  459  210 0
-324 -34 0
-645  17 0
-237  6 0
 115 -114  34 0
-150 -113 0
-785  90 0
 93  34 -32  21 0
-476 -63 0
-748  739 0
-127 -62 0
-770  649 0
-698  54 0
 585  481  349  343  338  333  327  321 -317  160  159  157  155 -154 -54  53 0
-389 -279 0
-401  391 0
-249 -21 0
-718  688 0
 486  481  160  159 -158 -142 -60 0
 534 -306 0
-69  68  34  30  26  22  11  4 0
-358 -315 0
-368  314 0
-376 -358 0
 271 -24  21  11  4 0
-324 -21 0
-141 -63 0
 647  646  645  631  629  617  608 0
-236  152 0
 34  21  11  4 0
-511 -294 0
-785  13 0
-476 -62 0
 115 -36 -21 0
 748  695  694  693  349  343  338 -334 -185 -13 -12 0
 770  652 -628  617 -613  608 -520 -508 -416 -7 0
 197  34 -29  21 0
-93 -34 0
-653 -652  651 0
 401  349  343  338  333  327 -322  160  159  157 -156 -145 -57 0
 244 -243 0
 719  718  698  695  694  693  692  691  690  240  232  210  202  195  188  181  174  167  21  11  4 0
-522  520 0
-395 -343 0
 534 -305 0
-687  136 0
-814  781 0
 358 -9 -6 0
 368  367  366 -362 -361  358  357  356  355  349  343  338  333  327  321 -130  129 0
-230 -11 0
-566 -11 0
-486 -481 0
-376 -357 0
-323  322 0
-141 -62 0
 236  210  202  195  188  181  174 -168  160  159  157 -156  145 -57 0
 69 -68 0
-590  583 0
-511 -293 0
-271 -21 0
-34 -21 0
 460 -203  30  26  22  20 -19  11  4 0
-664  656 0
-578  567 0
-93 -21 0
-115  36 -21 0
-197 -34 0
 246  245 -244 0
-702  688 0
-308  250 0
-216 -11 0
-342 -11 0
 522  358  357  356  355 -316 -54  53 0
 534 -304 0
-687  130 0
 815  814  792  789  788  787  786  785  784  783  149  139  113  105  98  91  84  77  70  34  30  26  22  11  4 0
-731  721 0
 168 -167 0
-230 -4 0
-566 -4 0
-358  9 0
-486 -160 0
 323 -156  21  11  4 0
-68 -34 0
 590  481  349  343  338  333  327 -322  160  159  157 -156  145 -57 0
-271  24 0
-302  253 0
-34 -11 0
 664  663  662  661  660  659  658  113  105  98  91  84  77  70 -67 -64 -54  53 0
 578  468  285  279 -275 -32 -6 -5 0
-93  32 0
-197 -21 0
 702  695  694  693  692  691  210  202  195  188  181  174 -171 -168  145 -57 0
 308  285  279 -275 -10 -6  5 0
 115  21 -7 0
-216 -4 0
-342 -4 0
 534 -296 0
-368 -358 0
-236 -210 0
-287 -21 0
 731  663  662  285  279 -275 -95 -6 -5 0
 172  170  169 -168 0
-228  226 0
-358  6 0
-486 -159 0
-522 -358 0
-401 -343 0
-271 -11 0
-302  54 0
-34 -4 0
-323  156 0
-784  83 0
-91  6 0
-197  29 0
-432  431 -113 0
-341  339 0
 633 -629 -424 0
 534 -295 0
-831  816 0
-368 -357 0
-229  228  21  11  4 0
-357 -315 0
-383 -63 0
-172  168 0
-522 -357 0
-742  739 0
-271 -4 0
-323 -21 0
-784  60 0
-389 -63 0
-195 -11 0
-856  776 0
-647  613 0
 341  34  21 -9 0
 534 -251 0
 831  824  823  822  821  820  819  210  202  195  188  181  174 -173 -168  145 -57 0
-246 -34 0
 357 -15 -13 0
-383 -62 0
-173  172  34  30  26  22  11  4 0
 742  698  695  694  693  692  691  690  366 -362  349  343  338  333  327  321 -229 -130 -129 0
-140  51 0
 229 -228 0
-558  548 0
-754  739 0
-269  13 0
-827  166 0
 301  300  299 -298 0
 30  26  22  21  11  4 0
-323 -11 0
-475  466 0
-52  51 0
-389 -62 0
-195 -4 0
 856  779  652 -628  617 -613  608 -520 -508 -416 -7 0
-647  7 0
-737  721 0
-433  431  113 0
-341 -34 0
-246 -21 0
-285 -30 0
-565  548 0
-308 -5 0
-634  633  629 0
-501  495 0
-357  15 0
 140  139 -133  132 -131 -130  129  113  105  98  91  84  77  70  63  62  59  56 0
-228 -21 0
 558 -532  507  506 -419 -416  378 -211 -114  34 -29  21 -7 0
-68 -11 0
 754  695  694  693  692  691  349  343  338  333  327 -322 -171 -145 -57 0
-150 -63 0
-827  54 0
-323 -4 0
 475  468 -32 -6  5 0
 113  105  98  91  84  77  70 -64  63  62  59  56 -55 -54 -53  52 0
 173 -172 0
-301  298 0
-195  7 0
-30 -21 0
 85 -84 0
 737  663  662  661  285  279  274 -270 -88 -13  12 0
-341 -21 0
-246 -11 0
-285 -26 0
 565  481  210  202  195  188 -182  160 -25 -13  12 0
-485  479 0
 501  468 -142  113  105  98  91  84 -78  63  62 -61 -60 0
-214 -34 0
-711  688 0
-357  13 0
 106 -105 0
-228 -11 0
-68 -4 0
-150 -62 0
-321  57 0
-172 -34 0
 301 -136  34  30  26  22  11  4 0
-783  76 0
-678  656 0
-31  30 -19 -6 -5 0
 89  87  86 -85 0
-475 -468 0
-395 -160 0
-341  9 0
-246 -4 0
-285 -22 0
-308  10 0
 433 -106  30  26  22  20 -19  11  4 0
 485  481  160  159 -158  142 -60 0
-140 -113 0
-214 -21 0
 711  695  694  210  202  195 -192 -189 -6 -5 0
 111  109  107 -106 0
-113 -52 0
 634  631 -613  416  11 -7  4 0
-401 -160 0
-228 -4 0
-66  64 0
-510  508 0
-669  656 0
 264 -263 0
-783  57 0
 678  663  662  661  113  105  98  91 -88 -85 -13 -12 0
-808  781 0
-475 -5 0
-89  85 0
-395 -159 0
-505  495 0
-301  136 0
 31 -30 0
-340  339 0
-285 -11 0
-308  6 0
-116 -114  113 0
-401 -159 0
-227  226 0
